1.0 0.03431372549019608 
1.0 0.03431372549019608 
1.0 0.03431372549019608 
1.0 0.03431372549019608 
1.0 0.03431372549019608 
1.0 0.03431372549019608 
1.0 0.03431372549019608 
1.0 0.03431372549019608 
1.0 0.03431372549019608 
1.0 0.03431372549019608 
1.0 0.03431372549019608 
1.0 0.03431372549019608 
1.0 0.03431372549019608 
1.0 0.03431372549019608 
1.0 0.03431372549019608 
1.0 0.03431372549019608 
1.0 0.03431372549019608 
1.0 0.03431372549019608 
1.0 0.03431372549019608 
1.0 0.03431372549019608 
1.0 0.03431372549019608 
1.0 0.03431372549019608 
1.0 0.03431372549019608 
1.0 0.03431372549019608 
1.0 0.03431372549019608 
1.0 0.03431372549019608 
1.0 0.03431372549019608 
1.0 0.03431372549019608 
1.0 0.03431372549019608 
1.0 0.03431372549019608 
1.0 0.03431372549019608 
1.0 0.03431372549019608 
1.0 0.03431372549019608 
1.0 0.03431372549019608 
1.0 0.03431372549019608 
1.0 0.03431372549019608 
1.0 0.03431372549019608 
1.0 0.03431372549019608 
1.0 0.03431372549019608 
1.0 0.03431372549019608 
